  1    1                2 2.727e-05
  2    2                3 5.300e-06
  3    3                5 4.232e-06
  4    3                4 3.826e-06
  5    4                6 5.401e-06
  6    4                6 6.079e-06
  7    5                8 5.938e-06
  8    5                9 6.013e-06
  9    5                7 4.447e-06
 10    6               10 4.471e-06
 11    6               11 1.550e-06
 12    6                9 1.019e-06
 13    7               13 1.093e-06
 14    7               15 1.072e-06
 15    7               15 1.080e-06
 16    7               11 9.150e-07
 17    8               15 1.003e-06
 18    8               17 1.000e-06
 19    8               18 1.062e-06
 20    8               15 1.059e-06
 21    9               19 1.720e-06
 22    9               22 1.342e-06
 23    9               23 1.182e-06
 24    9               21 1.214e-06
 25    9               14 1.022e-06
 26   10               17 1.132e-06
 27   10               19 1.140e-06
 28   10               18 1.104e-06
 29   10               16 1.037e-06
 30   10               12 9.100e-07
 31   11               14 9.890e-07
 32   11               15 9.440e-07
 33   11               13 9.150e-07
 34   12               15 9.460e-07
 35   12               16 9.410e-07
 36   12               14 1.006e-06
 37   13               16 1.020e-06
 38   13               17 9.670e-07
 39   13               15 9.230e-07
 40   14               17 9.770e-07
 41   14               18 9.450e-07
 42   14               16 9.450e-07
 43   15               19 1.034e-06
 44   15               20 1.009e-06
 45   15               18 9.730e-07
 46   16               21 1.044e-06
 47   16               22 1.063e-06
 48   16               21 1.083e-06
 49   16               18 9.970e-07
 50   17               20 1.027e-06
 55   19               21 1.632e-06
 60   21               23 1.281e-06
 65   23               27 1.257e-06
 70   25               31 1.277e-06
 75   26               35 1.321e-06
 80   27               43 1.492e-06
 85   28               47 1.481e-06
 90   30               39 1.611e-06
 95   32               40 1.534e-06
100   35               44 1.411e-06
110   39               50 3.667e-06
120   42               58 2.892e-06
130   44               66 3.162e-06
140   46               69 3.328e-06
150   48               69 3.340e-06
160   52               61 3.023e-06
170   57               67 2.962e-06
180   60               74 2.792e-06
190   62               86 6.354e-06
200   64               85 3.687e-06
220   70               78 4.451e-06
240   77               93 3.881e-06
260   81               92 3.367e-06
280   88               97 3.564e-06
300   96              111 3.760e-06
320  101              114 4.453e-06
340  111              127 1.021e-05
360  115              131 4.018e-06
380  120              142 4.871e-06
400  128              144 4.343e-06
420  134              160 1.877e-05
440  139              157 9.652e-06
460  147              165 7.646e-06
480  152              174 5.376e-06
500  159              176 4.936e-06
520  166              184 5.522e-06
540  171              210 5.558e-06
560  178              200 5.705e-06
580  185              215 3.268e-05
600  189              228 9.410e-06
620  195              217 5.474e-06
640  203              231 6.243e-06
660  208              235 5.948e-06
680  214              241 6.572e-06
700  222              255 6.243e-06
720  227              260 6.536e-06
740  236              272 1.034e-05
760  241              283 7.163e-06
780  244              284 7.584e-06
800  253              287 7.361e-06

