  1    1                2 1.116e-05 
  2    2                3 1.568e-06 
  3    3                5 1.480e-06 
  4    3                8 1.518e-06 
  5    4               12 1.538e-06 
  6    4               18 1.587e-06 
  7    5               24 1.640e-06 
  8    5               33 1.825e-06 
  9    5               43 1.899e-06 
 10    6               55 2.077e-06 
 11    6               68 3.236e-06 
 12    6               82 2.571e-06 
 13    7               99 2.642e-06 
 14    7              117 2.670e-06 
 15    7              137 2.914e-06 
 16    7              159 3.235e-06 
 17    8              182 3.314e-06 
 18    8              206 3.543e-06 
 19    8              233 3.907e-06 
 20    8              262 4.168e-06 
 21    9              291 5.680e-06 
 22    9              322 5.035e-06 
 23    9              353 5.167e-06 
 24    9              387 5.395e-06 
 25    9              422 5.922e-06 
 26   10              457 1.483e-05 
 27   10              494 1.083e-05 
 28   10              532 6.350e-06 
 29   11              571 6.612e-06 
 30   11              612 6.907e-06 
 31   11              654 7.285e-06 
 32   12              697 7.654e-06 
 33   12              742 7.978e-06 
 34   12              788 8.303e-06 
 35   13              835 8.756e-06 
 36   13              884 9.123e-06 
 37   13              934 9.515e-06 
 38   14              985 9.953e-06 
 39   14             1038 1.038e-05 
 40   14             1092 1.072e-05 
 41   15             1148 1.132e-05 
 42   15             1205 1.940e-05 
 43   15             1263 1.227e-05 
 44   16             1324 1.276e-05 
 45   16             1386 1.327e-05 
 46   16             1449 1.386e-05 
 47   16             1515 1.443e-05 
 48   17             1579 1.501e-05 
 49   17             1645 1.550e-05 
 50   17             1712 1.611e-05 
 55   19             2065 2.490e-05 
 60   22             2445 2.252e-05 
 65   24             2853 4.939e-05 
 70   26             3299 2.902e-05 
 75   27             3786 3.442e-05 
 80   28             4316 4.288e-05 
 85   29             4888 4.217e-05 
 90   31             5482 4.709e-05 
 95   33             6097 5.148e-05 
100   36             6737 5.628e-05 
110   40             8097 7.821e-05 
120   43             9607 1.519e-04 
130   45            11285 1.768e-04 
140   47            13123 1.120e-04 
150   49            15115 1.225e-04 
160   53            17220 1.388e-04 
170   58            19426 1.642e-04 
180   61            21767 1.740e-04 
190   64            24277 1.971e-04 
200   65            26956 2.153e-04 
220   72            32713 2.878e-04 
240   79            38963 3.142e-04 
260   82            45876 3.735e-04 
280   88            53360 4.209e-04 
300   96            61307 4.859e-04 
320  100            69877 5.485e-04 
340  110            78915 6.273e-04 
360  114            88530 7.321e-04 
380  119            98778 7.726e-04 
400  128           109508 8.731e-04 
420  133           120793 1.057e-03 
440  138           132675 1.042e-03 
460  147           145043 1.132e-03 
480  152           157941 1.249e-03 
500  159           171424 1.342e-03 
520  167           185360 1.445e-03 
540  171           199929 1.598e-03 
560  178           215055 1.681e-03 
580  184           230674 1.808e-03 
600  188           246947 1.931e-03 
620  195           263781 2.057e-03 
640  203           281062 2.192e-03 
660  207           298970 2.339e-03 
680  214           317405 2.483e-03 
700  222           336324 2.647e-03 
720  227           355845 2.773e-03 
740  237           375803 2.924e-03 
760  241           396344 3.122e-03 
780  245           417527 3.271e-03 
800  254           439198 3.427e-03 
