  1    1                2 2.775e-05
  2    2                3 4.849e-06
  3    3                5 4.299e-06
  4    3                8 4.335e-06
  5    4               13 4.629e-06
  6    4               22 5.139e-06
  7    5               36 5.190e-06
  8    5               60 7.003e-06
  9    5              100 1.283e-05
 10    6              167 1.025e-05
 11    6              279 4.000e-06
 12    6              465 4.181e-06
 13    7              777 6.098e-06
 14    7             1297 2.652e-05
 15    7             2165 1.487e-05
 16    7             3614 2.407e-05
 17    8             6031 4.315e-05
 18    8            10065 6.918e-05
 19    8            16795 1.128e-04
 20    8            28024 2.533e-04
 21    9            46758 3.098e-04
 22    9            78011 5.026e-04
 23    9           130089 8.323e-04
 24    9           216968 1.392e-03
 25    9           359706 2.347e-03
 26   10           597823 3.958e-03
 27   10           995046 6.435e-03
 28   10          1655498 1.046e-02
 29   10          2757259 1.735e-02
 30   10          4593012 2.939e-02
 31   11          7651017 5.261e-02
 32   11         12747967 8.434e-02
 33   11         21239691 1.361e-01
 34   12         35390165 2.289e-01
 35   12         58969547 3.911e-01
 36   12         98258424 6.436e-01
 37   13        163727428 1.119e+00
 38   13        272817267 1.797e+00
 39   13        454593881 3.222e+00
 40   14        757489987 5.111e+00
 41   14       1262204160 7.957e+00
 42   14       2114047092 1.322e+01
 43   15       3533472456 2.217e+01
 44   15       5898663878 3.701e+01
 45   15       9850621736 6.225e+01
 46   16      16352251531 1.032e+02
 47   16      27196767437 1.719e+02
 48   16      45288671397 2.869e+02
 49   16      75373390362 4.770e+02
 50   17     125557790155 8.129e+02
