  1    1                2 7.365e-06
  2    2                3 1.309e-06
  3    3                5 1.402e-06
  4    3                8 1.500e-06
  5    4               12 1.466e-06
  6    4               18 1.636e-06
  7    5               24 1.614e-06
  8    5               33 1.759e-06
  9    5               43 2.188e-06
 10    6               55 2.198e-06
 11    6               68 2.892e-06
 12    6               82 2.608e-06
 13    7               99 2.661e-06
 14    7              117 3.201e-06
 15    7              137 3.217e-06
 16    7              159 3.360e-06
 17    8              182 3.628e-06
 18    8              206 4.047e-06
 19    8              233 4.286e-06
 20    8              262 4.794e-06
 21    9              291 5.306e-06
 22    9              322 5.358e-06
 23    9              354 5.822e-06
 24    9              390 5.999e-06
 25    9              425 6.359e-06
 26   10              461 1.173e-05
 27   10              499 6.570e-06
 28   10              538 7.369e-06
 29   10              580 7.692e-06
 30   10              623 8.063e-06
 31   11              666 8.214e-06
 32   11              711 8.873e-06
 33   11              757 9.336e-06
 34   12              804 1.027e-05
 35   12              853 1.078e-05
 36   12              903 1.125e-05
 37   13              954 1.156e-05
 38   13             1007 1.194e-05
 39   13             1061 1.259e-05
 40   14             1116 1.280e-05
 41   14             1173 1.352e-05
 42   14             1231 1.397e-05
 43   15             1291 1.478e-05
 44   15             1352 1.561e-05
 45   15             1414 1.575e-05
 46   16             1478 1.679e-05
 47   16             1543 1.698e-05
 48   16             1610 1.762e-05
 49   16             1679 1.850e-05
 50   17             1748 1.906e-05
 55   19             2109 2.424e-05
 60   21             2495 2.054e-05
 65   23             2914 2.621e-05
 70   25             3370 2.511e-05
 75   26             3867 3.948e-05
 80   27             4407 4.761e-05
 85   28             4991 5.158e-05
 90   30             5595 5.653e-05
 95   32             6220 6.661e-05
100   35             6870 6.813e-05
110   39             8255 8.787e-05
120   42             9788 5.777e-05
130   44            11488 7.134e-05
140   46            13351 8.992e-05
150   48            15372 1.457e-04
160   52            17510 1.642e-04
170   57            19746 1.026e-04
180   60            22124 2.087e-04
190   62            24671 1.270e-04
200   64            27387 1.412e-04
220   70            33210 2.014e-04
240   77            39525 2.082e-04
260   81            46482 2.390e-04
280   88            53974 3.090e-04
300   96            61934 3.257e-04
320  101            70495 3.469e-04
340  111            79493 3.922e-04
360  115            89069 4.343e-04
380  120            99285 4.831e-04
400  128           109996 5.343e-04
420  134           121246 5.794e-04
440  139           133101 6.808e-04
460  147           145453 6.863e-04
480  152           158352 8.308e-04
500  159           171833 8.181e-04
520  166           185774 9.416e-04
540  171           200349 1.014e-03
560  178           215482 1.039e-03
580  185           231072 1.118e-03
600  189           247312 1.199e-03
620  195           264137 1.286e-03
640  203           281427 1.427e-03
660  208           299327 1.475e-03
680  214           317780 1.554e-03
700  222           336700 1.612e-03
720  227           356230 1.765e-03
740  236           376211 1.825e-03
760  241           396785 1.975e-03
780  244           418016 2.035e-03
800  253           439727 2.182e-03