  1    1                2 3.020e-05 
  2    2                3 5.289e-06 
  3    3                5 4.818e-06 
  4    3                5 4.551e-06 
  5    4                7 4.748e-06 
  6    4                8 4.821e-06 
  7    5               10 4.779e-06 
  8    5               12 4.871e-06 
  9    5               10 4.752e-06 
 10    6               13 5.119e-06 
 11    6               15 7.782e-06 
 12    6               13 5.213e-06 
 13    7               17 5.525e-06 
 14    7               20 5.715e-06 
 15    7               20 5.567e-06 
 16    7               16 5.173e-06 
 17    8               20 5.249e-06 
 18    8               23 5.217e-06 
 19    8               24 5.588e-06 
 20    8               21 5.384e-06 
 21    9               25 8.809e-06 
 22    9               29 6.861e-06 
 23    9               28 6.654e-06 
 24    9               25 6.128e-06 
 25    9               19 5.351e-06 
 26   10               21 5.521e-06 
 27   10               23 5.426e-06 
 28   10               21 5.265e-06 
 29   11               23 5.270e-06 
 30   11               25 5.281e-06 
 31   11               23 5.178e-06 
 32   12               25 5.428e-06 
 33   12               27 5.315e-06 
 34   12               25 5.170e-06 
 35   13               27 5.469e-06 
 36   13               29 5.267e-06 
 37   13               27 5.168e-06 
 38   14               29 5.208e-06 
 39   14               31 5.287e-06 
 40   14               29 5.267e-06 
 41   15               32 5.551e-06 
 42   15               34 5.489e-06 
 43   15               32 5.435e-06 
 44   16               36 5.700e-06 
 45   16               39 5.963e-06 
 46   16               38 5.739e-06 
 47   16               34 5.542e-06 
 48   17               36 5.874e-06 
 49   17               37 6.026e-06 
 50   17               35 6.000e-06 
 55   19               39 2.363e-05 
 60   22               45 7.620e-06 
 65   24               52 7.120e-06 
 70   26               57 7.395e-06 
 75   27               63 7.524e-06 
 80   28               72 8.591e-06 
 85   29               75 8.614e-06 
 90   31               69 9.129e-06 
 95   33               73 8.963e-06 
100   36               79 8.207e-06 
110   40               88 2.694e-05 
120   43              102 1.157e-05 
130   45              111 1.097e-05 
140   47              115 1.073e-05 
150   49              112 1.052e-05 
160   53              114 1.039e-05 
170   58              125 1.051e-05 
180   61              133 1.064e-05 
190   64              147 1.237e-05 
200   65              145 1.220e-05 
220   72              152 2.834e-05 
240   79              175 3.019e-06 
260   82              182 4.895e-06 
280   88              184 2.706e-06 
300   96              203 2.781e-06 
320  100              209 2.799e-06 
340  110              231 2.980e-06 
360  114              240 2.965e-06 
380  119              263 3.445e-06 
400  128              272 2.210e-05 
420  133              297 7.364e-06 
440  138              295 6.513e-06 
460  147              310 4.070e-06 
480  152              327 4.077e-06 
500  159              335 4.057e-06 
520  167              355 4.200e-06 
540  171              386 4.760e-06 
560  178              374 4.322e-06 
580  184              392 5.906e-06 
600  188              405 4.559e-06 
620  195              414 4.716e-06 
640  203              438 5.359e-05 
660  207              443 2.668e-05 
680  214              457 2.695e-05 
700  222              479 2.786e-05 
720  227              487 2.927e-05 
740  237              509 3.833e-05 
760  241              521 3.030e-05 
780  245              529 3.099e-05 
800  254              542 3.082e-05 
