  1    1                2 2.769e-05
  2    2                3 5.971e-06
  3    3                5 4.540e-06
  4    3                5 4.004e-06
  5    4                7 4.298e-06
  6    4                8 4.213e-06
  7    5               10 4.106e-06
  8    5               12 4.392e-06
  9    5               10 4.647e-06
 10    6               13 4.425e-06
 11    6               15 1.565e-06
 12    6               13 9.870e-07
 13    7               17 1.115e-06
 14    7               20 1.115e-06
 15    7               20 1.132e-06
 16    7               16 9.470e-07
 17    8               20 1.045e-06
 18    8               23 1.013e-06
 19    8               24 1.104e-06
 20    8               21 1.056e-06
 21    9               25 2.053e-06
 22    9               29 1.418e-06
 23    9               30 1.315e-06
 24    9               28 1.198e-06
 25    9               21 1.022e-06
 26   10               24 1.181e-06
 27   10               27 1.221e-06
 28   10               26 1.119e-06
 29   10               24 1.106e-06
 30   10               20 9.590e-07
 31   11               22 9.870e-07
 32   11               24 1.020e-06
 33   11               22 9.840e-07
 34   12               24 9.950e-07
 35   12               26 1.107e-06
 36   12               24 9.890e-07
 37   13               26 9.930e-07
 38   13               28 1.073e-06
 39   13               26 9.990e-07
 40   14               28 1.035e-06
 41   14               30 1.027e-06
 42   14               28 1.005e-06
 43   15               31 1.107e-06
 44   15               33 1.162e-06
 45   15               31 1.043e-06
 46   16               34 1.102e-06
 47   16               36 1.087e-06
 48   16               35 1.109e-06
 49   16               32 1.111e-06
 50   17               34 1.086e-06
 55   19               37 2.887e-06
 60   21               42 1.795e-06
 65   23               48 1.689e-06
 70   25               53 1.642e-06
 75   26               59 1.738e-06
 80   27               68 1.960e-06
 85   28               73 1.839e-06
 90   30               66 1.959e-06
 95   32               70 1.863e-06
100   35               76 1.783e-06
110   39               87 3.374e-06
120   42               98 2.251e-06
130   44              108 2.151e-06
140   46              113 1.993e-06
150   48              115 2.074e-06
160   52              110 2.007e-06
170   57              121 1.932e-06
180   60              131 1.995e-06
190   62              146 2.221e-06
200   64              146 2.268e-06
220   70              146 2.261e-05
240   77              168 2.194e-05
260   81              171 2.948e-06
280   88              182 2.914e-06
300   96              205 3.064e-06
320  101              213 3.121e-06
340  111              235 3.156e-06
360  115              244 5.191e-06
380  120              259 1.670e-05
400  128              270 1.623e-05
420  134              291 1.890e-05
440  139              293 7.300e-06
460  147              310 4.384e-06
480  152              324 4.230e-06
500  159              332 4.372e-06
520  166              348 6.133e-06
540  171              379 4.866e-06
560  178              375 4.647e-06
580  185              398 9.197e-06
600  189              415 4.905e-06
620  195              410 4.820e-06
640  203              431 5.060e-06
660  208              440 5.120e-06
680  214              452 5.136e-06
700  222              475 7.049e-06
720  227              484 5.683e-06
740  236              506 5.771e-06
760  241              521 5.858e-06
780  244              526 6.015e-06
800  253              538 6.060e-06