  1    1                2 2.694e-05
  2    2                3 4.894e-06
  3    3                5 4.170e-06
  4    3                4 3.804e-06
  5    4                6 3.928e-06
  6    4                6 4.068e-06
  7    5                8 4.244e-06
  8    5                9 4.476e-06
  9    5                7 4.007e-06
 10    6               10 4.361e-06
 11    6               11 7.064e-06
 12    6                9 3.045e-06
 13    7               13 3.484e-06
 14    7               15 3.303e-06
 15    7               15 3.354e-06
 16    7               11 2.827e-06
 17    8               15 3.261e-06
 18    8               17 3.141e-06
 19    8               18 3.314e-06
 20    8               15 3.217e-06
 21    9               19 3.271e-06
 22    9               22 2.481e-06
 23    9               21 2.359e-06
 24    9               18 2.296e-06
 25    9               12 1.944e-06
 26   10               14 2.039e-06
 27   10               15 1.915e-06
 28   10               13 1.998e-06
 29   11               15 1.822e-06
 30   11               16 1.869e-06
 31   11               14 1.815e-06
 32   12               17 1.969e-06
 33   12               18 1.914e-06
 34   12               16 1.822e-06
 35   13               20 1.983e-06
 36   13               21 1.992e-06
 37   13               20 1.980e-06
 38   13               16 1.882e-06
 39   14               18 2.089e-06
 40   14               19 1.890e-06
 41   14               17 1.861e-06
 42   15               20 1.974e-06
 43   15               21 1.948e-06
 44   15               19 1.875e-06
 45   16               22 2.011e-06
 46   16               23 2.063e-06
 47   16               22 2.063e-06
 48   16               19 1.925e-06
 49   17               21 1.979e-06
 50   17               22 1.974e-06
 55   19               22 2.250e-06
 60   21               23 1.732e-06
 65   23               26 1.615e-06
 70   25               34 1.829e-06
 75   26               37 1.866e-06
 80   27               44 2.088e-06
 85   28               48 2.022e-06
 90   29               41 2.336e-06
 95   31               38 1.969e-06
100   34               42 2.018e-06
110   38               46 2.403e-06
120   41               57 1.930e-06
130   43               64 1.865e-06
140   45               66 1.798e-06
150   47               61 1.824e-06
160   51               58 1.678e-06
170   56               66 1.725e-06
180   59               73 1.800e-06
190   61               75 1.871e-06
200   63               86 2.324e-06
220   71               79 2.787e-06
240   79               92 2.498e-06
260   83               95 2.222e-06
280   90               98 4.349e-06
300   98              113 2.424e-06
320  103              117 2.427e-06
340  112              128 2.390e-06
360  117              138 2.510e-06
380  121              147 2.853e-06
400  130              146 2.571e-06
420  136              163 6.340e-06
440  140              157 5.648e-06
460  149              166 3.182e-06
480  154              177 2.960e-06
500  161              179 2.926e-06
520  169              193 3.177e-06
540  173              202 4.959e-06
560  180              202 3.283e-06
580  187              215 3.167e-06
600  191              224 3.344e-06
620  198              224 3.447e-06
640  206              240 3.520e-06
660  210              239 3.599e-06
680  217              244 5.443e-06
700  224              258 3.743e-06
720  228              256 3.736e-06
740  237              267 3.827e-06
760  242              282 3.951e-06
780  246              282 4.149e-06
800  254              287 4.264e-06