  1    1                2 4.691e-05
  2    2                3 4.774e-06
  3    3                5 4.170e-06
  4    3                8 4.644e-06
  5    4               13 4.705e-06
  6    4               22 5.592e-06
  7    5               36 6.162e-06
  8    5               60 7.287e-06
  9    5              100 9.042e-06
 10    6              167 1.142e-05
 11    6              279 2.359e-05
 12    6              465 2.304e-05
 13    7              777 6.477e-06
 14    7             1297 2.847e-05
 15    7             2165 1.578e-05
 16    7             3614 3.823e-05
 17    8             6031 7.301e-05
 18    8            10065 1.416e-04
 19    8            16795 1.704e-04
 20    8            28024 2.401e-04
 21    9            46758 4.326e-04
 22    9            78011 5.516e-04
 23    9           130089 8.745e-04
 24    9           216968 1.427e-03
 25    9           359706 2.353e-03
 26   10           597823 4.197e-03
 27   10           995046 6.515e-03
 28   10          1655498 1.065e-02
 29   10          2757259 1.771e-02
 30   10          4593012 2.936e-02
 31   11          7651017 5.197e-02
 32   11         12747967 8.680e-02
 33   11         21239691 1.388e-01
 34   12         35390165 2.338e-01
 35   12         58969547 4.098e-01
 36   12         98258424 6.572e-01
 37   13        163727428 1.053e+00
 38   13        272817267 1.887e+00
 39   13        454593881 3.025e+00
 40   14        757489987 4.860e+00
 41   14       1262204160 7.960e+00
 42   14       2114047092 1.326e+01
 43   15       3533472456 2.218e+01
 44   15       5898663878 3.687e+01
 45   15       9850621736 6.171e+01
 46   16      16352251531 1.016e+02
 47   16      27196767437 1.691e+02
 48   16      45288671397 2.812e+02
 49   16      75373390362 4.684e+02
 50   17     125557790155 7.793e+02