  1    1                2 2.743e-05
  2    2                3 4.861e-06
  3    3                5 4.268e-06
  4    3                4 3.881e-06
  5    4                6 4.116e-06
  6    4                6 4.134e-06
  7    5                8 4.148e-06
  8    5                9 4.427e-06
  9    5                7 3.986e-06
 10    6               10 4.388e-06
 11    6               11 7.190e-06
 12    6                9 4.290e-06
 13    7               13 4.921e-06
 14    7               15 4.784e-06
 15    7               15 4.615e-06
 16    7               11 4.079e-06
 17    8               15 8.155e-06
 18    8               17 6.621e-06
 19    8               18 6.859e-06
 20    8               15 8.016e-06
 21    9               19 3.367e-06
 22    9               22 2.504e-06
 23    9               21 2.398e-06
 24    9               18 2.256e-06
 25    9               12 1.848e-06
 26   10               14 2.070e-06
 27   10               15 1.673e-05
 28   10               13 1.708e-06
 29   11               15 1.647e-06
 30   11               16 1.585e-06
 31   11               14 1.514e-06
 32   12               16 2.496e-06
 33   12               17 1.781e-06
 34   12               15 1.554e-06
 35   13               17 1.625e-06
 36   13               18 1.597e-06
 37   13               16 2.354e-06
 38   14               18 1.767e-06
 39   14               19 1.607e-06
 40   14               17 1.557e-06
 41   15               20 2.418e-06
 42   15               21 1.800e-06
 43   15               19 2.292e-06
 44   16               23 2.063e-06
 45   16               25 2.559e-06
 46   16               24 3.415e-06
 47   16               20 2.538e-06
 48   17               22 2.910e-06
 49   17               22 2.526e-06
 50   17               20 2.646e-06
 55   19               22 2.125e-06
 60   22               26 1.641e-06
 65   24               30 1.520e-06
 70   26               34 1.574e-06
 75   27               38 1.620e-06
 80   28               46 1.918e-06
 85   29               48 1.942e-06
 90   31               41 2.006e-06
 95   33               42 1.835e-06
100   36               46 1.682e-06
110   40               50 2.525e-06
120   43               61 1.959e-06
130   45               68 1.944e-06
140   47               70 1.845e-06
150   49               65 1.919e-06
160   53               63 1.807e-06
170   58               69 1.811e-06
180   61               74 1.827e-06
190   64               86 2.166e-06
200   65               82 2.133e-06
220   72               83 3.353e-06
240   79               99 2.619e-06
260   82              102 3.812e-06
280   88               98 4.384e-06
300   96              109 2.193e-06
320  100              111 2.206e-06
340  110              124 4.100e-06
360  114              128 3.913e-06
380  119              146 2.807e-06
400  128              147 1.010e-05
420  133              166 4.474e-06
440  138              159 9.078e-06
460  147              166 3.179e-06
480  152              177 5.294e-06
500  159              179 3.117e-06
520  167              191 2.447e-05
540  171              217 7.132e-06
560  178              199 4.357e-06
580  184              210 2.516e-05
600  188              219 4.600e-06
620  195              221 5.446e-06
640  203              237 5.105e-06
660  207              238 4.885e-06
680  214              245 7.882e-06
700  222              259 5.102e-06
720  227              262 5.385e-06
740  237              275 5.773e-06
760  241              282 5.602e-06
780  245              286 5.669e-06
800  254              290 8.169e-06