  1    1                2 2.741e-05
  2    2                3 5.213e-06
  3    3                5 4.091e-06
  4    3                4 3.786e-06
  5    4                6 3.910e-06
  6    4                6 4.053e-06
  7    5                8 4.096e-06
  8    5                9 4.362e-06
  9    5                7 3.857e-06
 10    6               10 4.376e-06
 11    6               11 2.355e-06
 12    6                9 1.489e-06
 13    7               13 1.674e-06
 14    7               15 1.715e-06
 15    7               15 1.645e-06
 16    7               11 1.445e-06
 17    8               15 1.543e-06
 18    8               17 1.592e-06
 19    8               18 1.627e-06
 20    8               15 1.606e-06
 21    9               19 2.550e-06
 22    9               22 1.869e-06
 23    9               23 1.849e-06
 24    9               21 1.821e-06
 25    9               14 1.494e-06
 26   10               17 1.762e-06
 27   10               19 1.746e-06
 28   10               18 1.682e-06
 29   10               16 1.650e-06
 30   10               12 1.431e-06
 31   11               14 1.531e-06
 32   11               15 1.565e-06
 33   11               13 1.455e-06
 34   12               15 1.511e-06
 35   12               16 1.501e-06
 36   12               14 1.450e-06
 37   13               16 1.503e-06
 38   13               17 1.481e-06
 39   13               15 1.471e-06
 40   14               17 1.562e-06
 41   14               18 1.520e-06
 42   14               16 1.508e-06
 43   15               19 1.602e-06
 44   15               20 1.582e-06
 45   15               18 1.510e-06
 46   16               21 1.628e-06
 47   16               22 1.642e-06
 48   16               21 1.722e-06
 49   16               18 1.531e-06
 50   17               20 1.611e-06
 55   19               21 2.601e-06
 60   21               23 1.927e-06
 65   23               27 1.839e-06
 70   25               31 1.944e-06
 75   26               35 1.975e-06
 80   27               43 2.352e-06
 85   28               47 2.340e-06
 90   30               39 2.473e-06
 95   32               40 2.475e-06
100   35               44 2.352e-06
110   39               50 3.638e-06
120   42               58 2.784e-06
130   44               66 2.899e-06
140   46               69 2.689e-06
150   48               69 2.905e-06
160   52               61 2.529e-06
170   57               67 2.594e-06
180   60               74 2.679e-06
190   62               86 3.224e-06
200   64               85 3.094e-06
220   70               78 4.355e-06
240   77               93 3.848e-06
260   81               92 3.289e-06
280   88               97 6.814e-06
300   96              111 3.576e-06
320  101              114 3.896e-06
340  111              127 3.964e-06
360  115              131 3.948e-06
380  120              142 4.243e-06
400  128              144 7.158e-06
420  134              160 7.120e-06
440  139              157 9.844e-06
460  147              165 5.158e-06
480  152              174 5.002e-06
500  159              176 4.836e-06
520  166              184 4.818e-06
540  171              210 8.811e-06
560  178              200 5.338e-06
580  185              215 5.710e-06
600  189              228 6.000e-06
620  195              217 5.597e-06
640  203              231 5.768e-06
660  208              235 5.969e-06
680  214              241 9.125e-06
700  222              255 6.277e-06
720  227              260 6.558e-06
740  236              272 6.702e-06
760  241              283 6.829e-06
780  244              284 7.101e-06
800  253              287 7.064e-06